      0/99     3.19G   0.06739   0.01522         0   0.08261        29       640 0.0008253   0.06971 6.323e-05 9.557e-06    0.1007   0.02187         0
      1/99     3.21G   0.06041   0.01343         0   0.07384        24       640    0.1209   0.09235   0.04373   0.01297   0.08099   0.02851         0
      2/99     3.21G   0.04796   0.01266         0   0.06061        28       640    0.2455    0.2005    0.1264   0.03384    0.0771    0.0275         0
      3/99     3.21G   0.04327   0.01141         0   0.05468        20       640    0.4496    0.3572    0.3494    0.1325   0.06886   0.02722         0
      4/99     3.21G   0.04026   0.01065         0   0.05091        10       640    0.5679    0.4233    0.4338    0.1757    0.0648   0.02623         0
      5/99     3.21G   0.03777    0.0102         0   0.04797        43       640    0.6066    0.4482    0.4809    0.2074   0.06347   0.02546         0
      6/99     3.21G   0.03624  0.009826         0   0.04607        19       640    0.5965    0.5628    0.5799    0.2563   0.06141   0.02398         0
      7/99     3.21G   0.03418  0.009157         0   0.04334        26       640    0.6737    0.5862    0.6317    0.2966   0.05691   0.02425         0
      8/99     3.21G   0.03433  0.008796         0   0.04312        22       640      0.72    0.6229    0.6751    0.3369    0.0523   0.02436         0
      9/99     3.22G   0.03345  0.008448         0    0.0419        14       640    0.7569    0.6188    0.6961     0.348   0.05222   0.02409         0
     10/99     3.22G   0.03304   0.00803         0   0.04107        44       640     0.756    0.6514    0.7167     0.362   0.05192    0.0234         0
     11/99     3.22G   0.03281  0.007755         0   0.04057        21       640    0.7411    0.6446    0.7188    0.3684   0.05406   0.02198         0
     12/99     3.22G   0.03237  0.007744         0   0.04011        31       640    0.7131    0.7033    0.7393    0.3798   0.05308   0.02249         0
     13/99     3.22G   0.03105  0.007548         0    0.0386        22       640    0.7831    0.6652    0.7454    0.3941   0.05177   0.02233         0
    14/299     3.39G   0.02991  0.007454         0   0.03736        29       640     0.779    0.6926    0.7648    0.4099   0.04948    0.0226         0
    15/299     3.61G   0.03002  0.007375         0   0.03739        24       640    0.8046    0.6822    0.7617    0.4103   0.04847   0.02273         0
    16/299     3.61G   0.02951  0.007372         0   0.03688        28       640    0.7632    0.7021    0.7583    0.4189   0.04719   0.02344         0
    17/299     3.61G   0.02959  0.007182         0   0.03677        20       640    0.7877    0.7107    0.7771    0.4144   0.04761   0.02254         0
    18/299     3.61G   0.02974  0.007287         0   0.03703        10       640    0.7816    0.7047    0.7566    0.3982   0.04825   0.02284         0
    19/299     3.61G   0.02932  0.007341         0   0.03666        43       640     0.781    0.7166    0.7734    0.4163    0.0461   0.02336         0
    20/299     3.61G   0.02881  0.007231         0   0.03604        19       640    0.8065     0.723    0.7961     0.435   0.04561   0.02322         0
    21/299     3.61G   0.02805  0.007025         0   0.03508        26       640     0.776    0.7592    0.7927     0.436   0.04762   0.02241         0
    22/299     3.61G   0.02809  0.007094         0   0.03518        22       640    0.8126    0.7076    0.7873    0.4382   0.04579    0.0229         0
    23/299     3.61G   0.02782  0.007197         0   0.03502        14       640    0.7708    0.7382    0.7847    0.4459   0.04488   0.02322         0
    24/299     3.61G   0.02703  0.006887         0   0.03391        44       640    0.7766    0.7592    0.7987    0.4517   0.04432   0.02322         0
    25/299     3.61G   0.02704   0.00681         0   0.03385        21       640    0.7907    0.7438    0.8075     0.453   0.04392   0.02265         0
    26/299     3.61G   0.02719  0.006856         0   0.03404        31       640    0.7671     0.761    0.8041    0.4504   0.04459   0.02315         0
    27/299     3.61G    0.0267  0.006814         0   0.03351        22       640     0.793    0.7369    0.8021    0.4521   0.04428   0.02316         0
    28/299     3.61G   0.02647  0.006891         0   0.03336        21       640     0.777    0.7632    0.8134    0.4584   0.04341   0.02308         0
    29/299     3.61G   0.02606  0.006662         0   0.03272        18       640    0.8051    0.7441    0.8102    0.4594   0.04385   0.02366         0
    30/299     3.61G   0.02591   0.00669         0    0.0326        18       640    0.7688    0.7646     0.809    0.4563   0.04346   0.02317         0
    31/299     3.61G   0.02604  0.006772         0   0.03281        11       640    0.8181    0.7189    0.8106    0.4596   0.04315    0.0229         0
    32/299     3.61G   0.02597  0.006703         0   0.03267        17       640    0.7955    0.7378    0.8049    0.4591   0.04365   0.02298         0
    33/299     3.61G   0.02585   0.00679         0   0.03264        21       640    0.8267    0.7299    0.8197    0.4658   0.04332    0.0227         0
    34/299     3.61G   0.02574  0.006669         0   0.03241        38       640    0.8113    0.7436    0.8159    0.4622   0.04315    0.0229         0
    35/299     3.61G   0.02537  0.006714         0   0.03208        33       640    0.8288    0.7329    0.8126    0.4668   0.04212    0.0232         0
    36/299     3.61G   0.02525   0.00662         0   0.03187        20       640    0.8038    0.7438    0.8107    0.4672   0.04096   0.02345         0
    37/299     3.61G     0.025  0.006522         0   0.03152        18       640    0.8151    0.7481    0.8223    0.4768   0.04089   0.02337         0
    38/299     3.61G   0.02479   0.00655         0   0.03134        22       640     0.809    0.7456    0.8239    0.4709   0.04142   0.02349         0
    39/299     3.61G   0.02471  0.006571         0   0.03128        16       640    0.7879    0.7641    0.8211    0.4716   0.04158   0.02337         0
    40/299     3.61G   0.02478  0.006543         0   0.03132        15       640    0.8112     0.746     0.817    0.4732   0.04123   0.02334         0
    41/299     3.61G   0.02459  0.006519         0   0.03111         5       640    0.8055    0.7524    0.8261     0.475   0.03981   0.02347         0
    42/299     3.61G   0.02423  0.006555         0   0.03079        21       640    0.7921    0.7718    0.8214    0.4722   0.04029   0.02353         0
    43/299     3.61G   0.02415  0.006531         0   0.03068        12       640    0.7872    0.7841    0.8274    0.4766   0.04032   0.02261         0
    44/299     3.61G   0.02433  0.006551         0   0.03088        32       640    0.8031    0.7782    0.8295    0.4807   0.04042   0.02266         0
    45/299     3.61G   0.02408  0.006486         0   0.03056        27       640    0.7994    0.7756     0.826    0.4833   0.03963   0.02321         0
    46/299     3.61G   0.02416  0.006463         0   0.03063        22       640    0.8075    0.7784    0.8249    0.4773   0.03949   0.02309         0
    47/299     3.61G   0.02377  0.006407         0   0.03018        12       640    0.8435     0.737    0.8343     0.487   0.04072   0.02244         0
    48/299     3.61G   0.02398  0.006564         0   0.03054        27       640    0.8089    0.7664    0.8348    0.4892   0.03876   0.02287         0
    49/299     3.61G   0.02352  0.006499         0   0.03002        13       640    0.8181    0.7682    0.8401    0.4955   0.03874   0.02272         0
    50/299     3.61G   0.02359  0.006429         0   0.03002        23       640    0.8233    0.7572    0.8287    0.4819   0.03909   0.02279         0
    51/299     3.61G   0.02355   0.00637         0   0.02992        20       640    0.8258    0.7512    0.8353    0.4886   0.03912    0.0225         0
    52/299     3.61G   0.02372  0.006508         0   0.03023        39       640     0.822    0.7589    0.8405    0.4958   0.03846    0.0222         0
    53/299     3.61G   0.02356  0.006372         0   0.02993        11       640    0.8049    0.7723     0.837    0.4873   0.03878   0.02278         0
    54/299     3.61G   0.02294  0.006384         0   0.02932        14       640     0.801    0.7945    0.8381    0.4909   0.03844   0.02258         0
    55/299     3.61G   0.02346  0.006279         0   0.02974        19       640    0.8156    0.7827    0.8393    0.4912   0.03885    0.0222         0
    56/299     3.61G   0.02291  0.006259         0   0.02916        26       640    0.8012    0.7953    0.8448    0.5012   0.03893   0.02162         0
    57/299     3.61G    0.0231  0.006411         0   0.02951        17       640    0.8084    0.7691     0.828    0.4897   0.04053   0.02215         0
    58/299     3.61G   0.02328  0.006302         0   0.02958        22       640    0.7964    0.7995    0.8433    0.4938   0.03763   0.02201         0
    59/299     3.61G   0.02269  0.006365         0   0.02906        17       640    0.7999    0.7961    0.8412    0.4978   0.03773   0.02176         0
    60/299     3.61G   0.02263  0.006186         0   0.02882        43       640    0.8233    0.7809    0.8437    0.4968   0.03817   0.02156         0
    61/299     3.61G   0.02214  0.006229         0   0.02837        32       640    0.8145    0.7976    0.8543    0.5067    0.0375   0.02186         0
    62/299     3.61G   0.02232  0.006188         0    0.0285        18       640     0.852    0.7713    0.8565    0.5092   0.03723   0.02126         0
    63/299     3.61G    0.0223  0.006238         0   0.02854        47       640    0.8126    0.7718    0.8404    0.4951   0.04076   0.02172         0
    64/299     3.61G   0.02245  0.006315         0   0.02877        23       640    0.8336    0.7877    0.8501    0.5037   0.03803   0.02154         0
    65/299     3.61G   0.02229   0.00627         0   0.02856        10       640    0.8328    0.7832     0.849    0.5031   0.03735   0.02137         0
    66/299     3.61G    0.0224  0.006283         0   0.02869        17       640    0.8248    0.7969    0.8487    0.5021   0.03716   0.02126         0
    67/299     3.61G   0.02198  0.006166         0   0.02814        30       640    0.8211    0.7793    0.8419    0.5027   0.03833   0.02156         0
    68/299     3.61G   0.02168  0.006152         0   0.02784        16       640    0.8378     0.774    0.8484     0.505   0.03776    0.0211         0
    69/299     3.61G   0.02168  0.006027         0   0.02771        16       640    0.8561    0.7727    0.8555    0.5129   0.03784   0.02131         0
    70/299     3.61G    0.0221  0.006037         0   0.02814        19       640    0.8203    0.7896    0.8511    0.5098   0.03627   0.02136         0
    71/299     3.61G   0.02176  0.005985         0   0.02774        24       640    0.8116    0.8072    0.8507    0.5094   0.03641   0.02117         0
    72/299     3.61G   0.02201  0.005918         0   0.02793         8       640    0.8268    0.7867    0.8433    0.5085   0.03659   0.02178         0
    73/299     3.61G   0.02161  0.005826         0   0.02744        21       640    0.8192    0.7972    0.8537    0.5149   0.03618   0.02168         0
    74/299     3.61G   0.02169  0.005763         0   0.02745        28       640    0.8403    0.7863    0.8601    0.5155   0.03627   0.02193         0
    75/299     3.61G   0.02143  0.005677         0   0.02711        23       640    0.8351    0.7908    0.8563    0.5188   0.03644   0.02168         0
    76/299     3.61G   0.02191  0.005735         0   0.02764        33       640    0.8517    0.7748     0.856    0.5101   0.03646    0.0218         0
    77/299     3.61G    0.0216  0.005773         0   0.02737        24       640    0.8402    0.7913    0.8603    0.5156   0.03619   0.02145         0
    78/299     3.61G    0.0215  0.005777         0   0.02728        21       640    0.8245    0.7913    0.8598    0.5132   0.03627   0.02195         0
    79/299     3.61G   0.02127  0.005506         0   0.02678        18       640    0.8376    0.7731      0.85    0.5108   0.03625   0.02216         0
    80/299     3.61G   0.02112  0.005702         0   0.02682        22       640     0.855    0.7713    0.8595    0.5216    0.0357   0.02206         0
    81/299     3.61G   0.02175  0.005628         0   0.02738        22       640    0.8211    0.8049    0.8626    0.5205   0.03563   0.02226         0
    82/299     3.61G    0.0214  0.005739         0   0.02714        33       640    0.8222    0.8099    0.8631    0.5168   0.03655    0.0225         0
    83/299     3.61G   0.02108  0.005595         0   0.02667        23       640    0.7981    0.8179    0.8544    0.5161   0.03541   0.02281         0
    84/299     3.61G   0.02083  0.005492         0   0.02632        10       640    0.8345    0.7972    0.8573    0.5148   0.03576   0.02275         0
    85/299     3.61G   0.02106  0.005543         0    0.0266        27       640    0.8412    0.7845    0.8574    0.5182   0.03571    0.0228         0
    86/299     3.61G   0.02097  0.005564         0   0.02654        19       640     0.841    0.7809     0.859      0.52   0.03571   0.02264         0
    87/299     3.61G   0.02104  0.005484         0   0.02653        29       640    0.8188    0.8018    0.8567    0.5155   0.03589   0.02263         0
    88/299     3.61G   0.02062  0.005479         0    0.0261         8       640    0.8648    0.7876    0.8689    0.5259   0.03499   0.02242         0
    89/299     3.61G   0.02071  0.005583         0   0.02629        42       640    0.8371    0.7957    0.8632    0.5208   0.03516   0.02266         0
    90/299     3.61G    0.0205  0.005434         0   0.02594        14       640    0.8407    0.7908    0.8617    0.5206   0.03556   0.02271         0
    91/299     3.61G   0.02052  0.005416         0   0.02594        19       640    0.8371     0.804    0.8615    0.5206   0.03508    0.0227         0
    92/299     3.61G   0.02067   0.00545         0   0.02612        20       640    0.8402    0.7949    0.8681    0.5255   0.03547   0.02266         0
    93/299     3.61G   0.02073  0.005471         0    0.0262        27       640    0.8339    0.8049    0.8666    0.5242   0.03538   0.02284         0
    94/299     3.61G   0.02059  0.005504         0   0.02609        11       640    0.8315    0.8112    0.8662    0.5228   0.03522    0.0229         0
    95/299     3.61G   0.02059  0.005475         0   0.02607        29       640    0.8635    0.7849    0.8631    0.5212   0.03521    0.0229         0
    96/299     3.61G   0.02053  0.005358         0   0.02589        22       640    0.8605    0.7804    0.8597    0.5168   0.03624    0.0233         0
    97/299     3.61G   0.02046  0.005397         0   0.02586        33       640    0.8708    0.7936    0.8724    0.5298   0.03483   0.02279         0
    98/299     3.61G   0.02051  0.005381         0   0.02589        12       640    0.8428    0.7927    0.8676    0.5268   0.03554   0.02292         0
    99/299     3.61G    0.0204  0.005427         0   0.02583        35       640     0.856    0.7863    0.8672    0.5253   0.03542   0.02313         0
   100/299     3.61G   0.02024  0.005402         0   0.02564        29       640    0.8338    0.8135    0.8666    0.5242   0.03509   0.02338         0
   101/299     3.58G   0.02042  0.005359         0   0.02578        24       640    0.8566    0.7881    0.8673    0.5267   0.03498   0.02324         0
   102/299     3.58G   0.02019  0.005439         0   0.02563        28       640    0.8368    0.7972    0.8668    0.5262   0.03513   0.02303         0
   103/299     3.58G   0.02011  0.005306         0   0.02541        20       640    0.8494    0.8022    0.8681    0.5248     0.035   0.02316         0
   104/299     3.58G   0.02012  0.005223         0   0.02534        10       640    0.8411     0.799    0.8633    0.5272   0.03478   0.02349         0
   105/299     3.38G   0.01898  0.005231         0   0.02421        29       640     0.828    0.8198    0.8653     0.523   0.03484   0.02355         0
   106/299     3.49G   0.01903  0.005155         0   0.02419        24       640    0.8411    0.8148    0.8733    0.5297   0.03473   0.02345         0
   107/299     3.49G   0.01883  0.005232         0   0.02406        28       640    0.8627    0.7962    0.8757    0.5303   0.03469   0.02316         0
   108/299     3.49G    0.0192  0.005133         0   0.02433        20       640     0.832    0.8049    0.8581    0.5259   0.03491   0.02386         0
   109/299     3.49G   0.01884  0.005093         0   0.02394        10       640    0.8514    0.7918    0.8624    0.5251   0.03484   0.02388         0
   110/299     3.49G   0.01967  0.005301         0   0.02497        43       640    0.8389    0.8185    0.8714    0.5292   0.03447   0.02334         0
   111/299     3.49G   0.01986   0.00527         0   0.02513        19       640    0.8489    0.8112    0.8735    0.5314   0.03429   0.02329         0
   112/299     3.49G   0.01961  0.005207         0   0.02481        26       640    0.8402    0.8176    0.8755    0.5325   0.03423   0.02361         0
   113/299     3.49G   0.02016  0.005267         0   0.02543        22       640    0.8494     0.817    0.8756    0.5289   0.03495   0.02347         0
   114/299     3.49G   0.01954   0.00537         0   0.02491        14       640    0.8442    0.8103    0.8686    0.5317   0.03435   0.02349         0
   115/299     3.49G   0.01949  0.005166         0   0.02466        44       640    0.8339    0.8194     0.873    0.5315   0.03443   0.02359         0
   116/299     3.49G   0.01926  0.005144         0    0.0244        21       640    0.8302    0.8143    0.8667     0.527   0.03448    0.0239         0
   117/299     3.49G   0.01952  0.005174         0   0.02469        31       640    0.8474    0.8158     0.873    0.5303   0.03408   0.02415         0
   118/299     3.49G   0.01958  0.005183         0   0.02476        22       640    0.8518    0.8022    0.8709     0.531   0.03391   0.02394         0
   119/299     3.49G   0.01943  0.005298         0   0.02473        21       640    0.8615    0.7886    0.8731    0.5345   0.03388   0.02365         0
   120/299     3.49G   0.01912  0.005028         0   0.02415        18       640    0.8776    0.7819    0.8687    0.5312   0.03377   0.02399         0
   121/299     3.49G   0.01929  0.005123         0   0.02441        18       640    0.8638    0.7922    0.8703    0.5314   0.03369    0.0241         0
   122/299     3.49G   0.01912  0.005109         0   0.02423        11       640    0.8542    0.8035    0.8714     0.531   0.03348     0.024         0
   123/299     3.49G   0.01918  0.005145         0   0.02432        17       640    0.8651    0.7895    0.8681    0.5335   0.03372   0.02418         0
   124/299     3.49G   0.01893  0.005158         0   0.02408        21       640     0.854    0.8026     0.868    0.5358   0.03356   0.02418         0
   125/299     3.49G   0.01928  0.005134         0   0.02442        38       640    0.8563    0.8121    0.8703    0.5337   0.03359   0.02429         0
   126/299     3.49G   0.01899  0.005174         0   0.02416        33       640    0.8685    0.7954    0.8694    0.5325   0.03359   0.02423         0
   127/299     3.49G    0.0191  0.005072         0   0.02417        20       640    0.8571    0.7958    0.8648    0.5307   0.03361   0.02429         0
   128/299     3.49G   0.01883  0.005012         0   0.02384        18       640    0.8308    0.8298    0.8701    0.5355   0.03366   0.02413         0
   129/299     3.49G   0.01896  0.005049         0   0.02401        22       640    0.8369    0.8103    0.8654    0.5333   0.03341   0.02426         0
   130/299     3.49G   0.01872  0.005061         0   0.02378        16       640    0.8609    0.7881    0.8649    0.5317   0.03333   0.02452         0
   131/299     3.49G   0.01881  0.005031         0   0.02384        15       640    0.8343    0.8008    0.8643    0.5318   0.03324   0.02456         0
   132/299     3.49G   0.01857  0.004989         0   0.02356         5       640     0.855    0.7957    0.8721    0.5371    0.0335   0.02429         0
   133/299     3.49G   0.01845  0.004989         0   0.02344        21       640    0.8953    0.7625    0.8722    0.5369   0.03362   0.02443         0
   134/299     3.49G   0.01867  0.005021         0    0.0237        12       640    0.8145    0.8207     0.868    0.5347   0.03339   0.02436         0
   135/299     3.49G   0.01853  0.005024         0   0.02355        32       640    0.8391    0.7958    0.8656    0.5354    0.0334    0.0244         0
   136/299     3.49G   0.01839  0.004983         0   0.02337        27       640    0.8104    0.8271     0.868    0.5371   0.03329    0.0245         0
   137/299     3.49G   0.01865     0.005         0   0.02365        22       640    0.8708    0.7688    0.8629    0.5331   0.03345   0.02463         0
   138/299     3.49G   0.01851   0.00491         0   0.02342        12       640     0.833    0.8022    0.8597    0.5294   0.03338   0.02464         0
   139/299     3.49G   0.01861  0.005084         0   0.02369        27       640      0.82    0.8085    0.8637    0.5284   0.03345   0.02479         0
   140/299     3.49G   0.01834   0.00503         0   0.02337        13       640    0.8225    0.8139    0.8623    0.5301   0.03328   0.02474         0
   141/299     3.49G    0.0185  0.004975         0   0.02347        23       640    0.8357     0.808     0.859    0.5291   0.03321   0.02475         0
   142/299     3.49G   0.01822  0.004878         0    0.0231        20       640    0.8513    0.7876    0.8591    0.5307   0.03326   0.02501         0
   143/299     3.49G   0.01824  0.004935         0   0.02318        39       640    0.8236    0.8185     0.864    0.5292   0.03321   0.02492         0
   144/299     3.49G   0.01817  0.004831         0     0.023        11       640    0.8526    0.8011    0.8658    0.5316   0.03329   0.02468         0
   145/299     3.49G   0.01791  0.004883         0   0.02279        14       640    0.8236    0.8221    0.8676    0.5359   0.03309   0.02471         0
   146/299     3.49G   0.01816  0.004855         0   0.02302        19       640      0.84    0.7995    0.8625    0.5318   0.03332   0.02499         0
   147/299     3.49G   0.01793  0.004817         0   0.02274        26       640    0.8629    0.7777    0.8609    0.5326    0.0332   0.02502         0
   148/299     3.49G   0.01792  0.004927         0   0.02285        17       640    0.8474    0.7922    0.8595    0.5333   0.03329   0.02511         0
   149/299     3.49G   0.01792  0.004827         0   0.02274        22       640    0.8694    0.7742    0.8662    0.5344   0.03331   0.02507         0
   150/299     3.49G   0.01795  0.004898         0   0.02285        17       640    0.8776      0.77    0.8652     0.533   0.03323   0.02524         0
   151/299     3.49G    0.0177  0.004805         0    0.0225        43       640     0.875    0.7795    0.8629    0.5351   0.03313   0.02522         0
   152/299     3.49G   0.01738   0.00486         0   0.02224        32       640    0.8619    0.7963    0.8674    0.5354     0.033   0.02506         0
   153/299     3.49G    0.0177   0.00482         0   0.02252        18       640    0.8714    0.7853    0.8692    0.5344   0.03284   0.02497         0
   154/299     3.49G   0.01744  0.004791         0   0.02223        47       640     0.868    0.7872    0.8689    0.5335   0.03284   0.02513         0
   155/299     3.49G   0.01772  0.004877         0   0.02259        23       640    0.8762    0.7696    0.8635    0.5305   0.03294   0.02531         0
   156/299     3.49G   0.01756  0.004895         0   0.02245        10       640    0.8399    0.8025    0.8621    0.5294   0.03297   0.02528         0
   157/299     3.49G   0.01759   0.00487         0   0.02246        17       640    0.8591    0.7864    0.8636    0.5308   0.03307   0.02537         0
   158/299     3.49G   0.01748  0.004832         0   0.02231        30       640    0.8543    0.7937    0.8623    0.5308   0.03296   0.02545         0
   159/299     3.49G   0.01737  0.004838         0   0.02221        16       640    0.8646    0.7831    0.8595    0.5278   0.03294   0.02562         0
   160/299     3.49G   0.01723  0.004757         0   0.02199        16       640    0.8813      0.77    0.8619    0.5312   0.03283   0.02565         0
   161/299     3.49G   0.01742  0.004849         0   0.02226        19       640    0.8767     0.779    0.8615    0.5315   0.03285    0.0256         0
   162/299     3.49G    0.0171  0.004817         0   0.02192        24       640    0.8731    0.7786    0.8609    0.5307   0.03285   0.02572         0
   163/299     3.49G   0.01722  0.004831         0   0.02206         8       640    0.8851    0.7777    0.8599    0.5294   0.03301    0.0257         0
   164/299     3.49G   0.01725  0.004794         0   0.02204        21       640    0.8619     0.794    0.8589    0.5291    0.0331   0.02582         0
   165/299     3.49G   0.01715  0.004739         0   0.02188        28       640    0.8923    0.7732     0.862    0.5282   0.03308   0.02589         0
   166/299     3.49G   0.01718  0.004693         0   0.02187        23       640    0.8867    0.7826    0.8609    0.5269   0.03303    0.0259         0
   167/299     3.49G   0.01696  0.004701         0   0.02166        33       640    0.8701    0.7917    0.8584    0.5259   0.03291   0.02607         0
   168/299     3.49G   0.01699  0.004727         0   0.02171        24       640    0.8842    0.7745    0.8562    0.5247   0.03287   0.02609         0
   169/299     3.49G   0.01684   0.00478         0   0.02162        21       640    0.8834    0.7753    0.8566    0.5247   0.03294   0.02607         0
   170/299     3.49G    0.0168  0.004538         0   0.02134        18       640    0.8714    0.7827    0.8542    0.5249   0.03289   0.02615         0
   171/299     3.49G   0.01691  0.004732         0   0.02164        22       640    0.8862    0.7678    0.8542    0.5249   0.03283   0.02616         0
   172/299     3.49G   0.01696  0.004655         0   0.02161        22       640    0.8595    0.7872    0.8539     0.524   0.03277   0.02618         0
   173/299     3.49G   0.01687   0.00477         0   0.02164        33       640    0.8669    0.7854    0.8535    0.5254   0.03287   0.02615         0
   174/299     3.49G   0.01659  0.004632         0   0.02122        23       640    0.8697    0.7946    0.8563    0.5248   0.03298   0.02619         0
   175/299     3.49G    0.0166  0.004587         0   0.02119        10       640    0.8865     0.778    0.8543    0.5228   0.03293   0.02628         0
   176/299     3.49G   0.01652  0.004622         0   0.02114        27       640    0.8663    0.7949    0.8546    0.5221   0.03299   0.02628         0
   177/299     3.49G   0.01652  0.004648         0   0.02117        19       640    0.8686    0.7881    0.8527    0.5209   0.03307   0.02643         0
   178/299     3.49G   0.01641  0.004588         0     0.021        29       640      0.86    0.7899    0.8511    0.5215   0.03306   0.02652         0
   179/299     3.49G    0.0163  0.004578         0   0.02088         8       640    0.8695    0.7823    0.8521    0.5198   0.03299   0.02651         0
   180/299     3.49G   0.01626  0.004647         0   0.02091        42       640    0.8661    0.7904     0.854    0.5224   0.03292   0.02643         0
   181/299     3.49G   0.01627  0.004541         0   0.02081        14       640    0.8752    0.7872    0.8545    0.5216   0.03286   0.02647         0
   182/299     3.49G   0.01605  0.004554         0    0.0206        19       640     0.874    0.7909    0.8544    0.5218   0.03284   0.02657         0
   183/299     3.49G   0.01626  0.004576         0   0.02084        20       640    0.8658    0.7986    0.8542    0.5234   0.03281   0.02662         0
   184/299     3.49G   0.01633  0.004567         0    0.0209        27       640    0.8873    0.7845    0.8546    0.5236   0.03277   0.02652         0
   185/299     3.49G   0.01611   0.00464         0   0.02075        11       640    0.8777      0.79    0.8547    0.5245   0.03271   0.02648         0
   186/299     3.49G   0.01625  0.004596         0   0.02085        29       640    0.8605    0.8049     0.854    0.5231   0.03269   0.02656         0
   187/299     3.49G   0.01619  0.004525         0   0.02072        22       640    0.8565    0.8072     0.854    0.5231   0.03266    0.0266         0
   188/299     3.49G   0.01614  0.004529         0   0.02067        33       640    0.8513    0.8085    0.8523    0.5236    0.0327   0.02673         0
   189/299     3.49G   0.01607   0.00452         0   0.02059        12       640    0.8616    0.7922    0.8539    0.5238   0.03277   0.02679         0
   190/299     3.49G   0.01604  0.004589         0   0.02063        35       640    0.8751    0.7841    0.8546    0.5249   0.03279   0.02678         0
   191/299     3.49G   0.01613  0.004626         0   0.02076        21       640    0.8774    0.7818     0.855    0.5235   0.03276   0.02676         0
   192/299     3.49G   0.01623  0.004536         0   0.02077        48       640    0.8672    0.7922    0.8555    0.5232   0.03273   0.02681         0
   193/299     3.49G   0.01594  0.004527         0   0.02047        21       640    0.8656    0.7913    0.8537    0.5223    0.0327   0.02691         0
   194/299     3.49G   0.01587  0.004547         0   0.02041        14       640    0.8722    0.7854    0.8525    0.5214   0.03267   0.02699         0
   195/299     3.49G   0.01586  0.004552         0   0.02041        14       640    0.8655    0.7904    0.8506    0.5194   0.03266   0.02709         0
   196/299     3.49G   0.01561  0.004475         0   0.02009        21       640    0.8659    0.7895    0.8509    0.5197   0.03257   0.02707         0
   197/299     3.49G   0.01598  0.004508         0   0.02049        42       640     0.878     0.779    0.8524    0.5192   0.03255    0.0271         0
   198/299     3.49G   0.01588  0.004546         0   0.02042        27       640    0.8564    0.7993    0.8532    0.5196   0.03259   0.02711         0
   199/299     3.49G   0.01585   0.00449         0   0.02034        22       640    0.8613    0.7957    0.8533    0.5198   0.03259   0.02715         0
   200/299     3.49G   0.01578  0.004545         0   0.02033        17       640    0.8664    0.7926    0.8533    0.5195   0.03259   0.02718         0
   201/299     3.49G   0.01569   0.00457         0   0.02026        24       640    0.8834    0.7786    0.8524    0.5193   0.03256    0.0272         0
   202/299     3.49G   0.01554  0.004402         0   0.01994        21       640    0.8426    0.8158    0.8534    0.5205   0.03253   0.02716         0
   203/299     3.49G   0.01557  0.004513         0   0.02008        28       640    0.8612    0.7976    0.8546    0.5212   0.03252   0.02714         0
   204/299     3.49G   0.01542   0.00439         0   0.01981        18       640    0.8458    0.8148    0.8531    0.5211   0.03252   0.02719         0
   205/299     3.49G    0.0154  0.004365         0   0.01976        35       640    0.8427    0.8158    0.8523    0.5219   0.03252    0.0272         0
   206/299     3.49G   0.01544  0.004416         0   0.01985        11       640    0.8462    0.8096    0.8526    0.5221   0.03252   0.02721         0
   207/299     3.49G   0.01555  0.004495         0   0.02004        27       640    0.8572     0.799    0.8537    0.5221    0.0325   0.02727         0
   208/299     3.49G   0.01556  0.004442         0      0.02        10       640     0.848    0.8026    0.8528    0.5219   0.03246   0.02734         0
   209/299     3.49G   0.01542  0.004527         0   0.01995        39       640    0.8475    0.8052    0.8517    0.5216    0.0324   0.02735         0
   210/299     3.49G   0.01536  0.004501         0   0.01987        29       640    0.8493     0.804    0.8518    0.5214   0.03236   0.02741         0
   211/299     3.49G   0.01519  0.004384         0   0.01958        23       640    0.8701    0.7852    0.8519    0.5224   0.03233   0.02744         0
   212/299     3.49G    0.0151  0.004359         0   0.01946        33       640    0.8705    0.7854    0.8508    0.5216   0.03229    0.0275         0
   213/299     3.49G   0.01521  0.004341         0   0.01956         7       640    0.8711    0.7835    0.8507    0.5218   0.03227   0.02755         0
   214/299     3.49G   0.01509   0.00439         0   0.01948        20       640    0.8541    0.7954    0.8487    0.5211   0.03225   0.02758         0
   215/299     3.49G   0.01514  0.004507         0   0.01965         9       640    0.8586    0.7918    0.8493     0.522   0.03225   0.02764         0
   216/299     3.49G   0.01504  0.004363         0    0.0194        31       640     0.871    0.7804    0.8483    0.5216   0.03226   0.02767         0
   217/299     3.49G   0.01519  0.004314         0    0.0195        41       640     0.863    0.7813    0.8466    0.5209   0.03228   0.02771         0
   218/299     3.49G   0.01501  0.004345         0   0.01936        14       640    0.8684    0.7777    0.8468    0.5203   0.03229   0.02771         0
   219/299     3.49G   0.01499  0.004393         0   0.01938        41       640     0.865    0.7813    0.8454    0.5194   0.03225   0.02775         0
   220/299     3.49G   0.01498   0.00432         0    0.0193        15       640    0.8624     0.785    0.8445    0.5178   0.03224   0.02779         0
   221/299     3.49G   0.01475  0.004336         0   0.01908        10       640    0.8527     0.794     0.845    0.5189   0.03224    0.0278         0
   222/299     3.49G   0.01473  0.004283         0   0.01901        25       640      0.86    0.7872    0.8441    0.5193   0.03222   0.02782         0
   223/299     3.49G   0.01488  0.004365         0   0.01925        30       640    0.8639    0.7863    0.8452    0.5189    0.0322   0.02785         0
   224/299     3.49G   0.01489  0.004334         0   0.01922        34       640    0.8526    0.7985     0.846    0.5196   0.03217   0.02783         0
   225/299     3.49G   0.01463  0.004331         0   0.01896        12       640    0.8597    0.7936    0.8462    0.5178   0.03215   0.02785         0
   226/299     3.49G   0.01461  0.004346         0   0.01896        33       640    0.8417    0.8081    0.8452    0.5178   0.03214   0.02788         0
   227/299     3.49G   0.01485  0.004323         0   0.01917        30       640    0.8405    0.8094     0.845    0.5164   0.03215   0.02794         0
   228/299     3.49G   0.01474  0.004353         0   0.01909        31       640    0.8388    0.8112    0.8447    0.5171   0.03217   0.02795         0
   229/299     3.49G   0.01466  0.004342         0     0.019        11       640    0.8478    0.8017    0.8446    0.5162   0.03217     0.028         0
   230/299     3.49G   0.01442  0.004184         0    0.0186         3       640    0.8596    0.7924    0.8452    0.5162   0.03217   0.02804         0
   231/299     3.49G   0.01423   0.00424         0   0.01847         9       640    0.8591    0.7954    0.8446    0.5155   0.03217    0.0281         0
   232/299     3.49G   0.01456  0.004227         0   0.01878        17       640    0.8595    0.7949    0.8438    0.5154   0.03216   0.02815         0
   233/299     3.49G   0.01445  0.004293         0   0.01875        24       640    0.8583    0.7963     0.844    0.5151   0.03214   0.02817         0
   234/299     3.49G   0.01434  0.004269         0   0.01861        19       640    0.8592    0.7931    0.8427    0.5145   0.03214   0.02819         0
   235/299     3.49G    0.0144  0.004264         0   0.01866        20       640    0.8621    0.7909    0.8426    0.5139   0.03212   0.02827         0
   236/299     3.49G   0.01434  0.004273         0   0.01861        16       640    0.8666    0.7879    0.8426    0.5142   0.03209   0.02832         0
   237/299     3.49G   0.01417  0.004163         0   0.01833        14       640    0.8578    0.7944     0.842     0.514   0.03207   0.02835         0
   238/299     3.49G   0.01423  0.004138         0   0.01837        18       640    0.8592    0.7936    0.8427    0.5142   0.03205   0.02838         0
   239/299     3.49G   0.01416  0.004169         0   0.01833        27       640    0.8678      0.79    0.8438    0.5142   0.03205   0.02841         0
   240/299     3.49G   0.01439  0.004334         0   0.01873        28       640    0.8649     0.794    0.8439    0.5148   0.03203   0.02845         0
   241/299     3.49G   0.01429  0.004318         0   0.01861        33       640    0.8675    0.7904    0.8436    0.5142   0.03202   0.02847         0
   242/299     3.49G   0.01434  0.004199         0   0.01853        19       640    0.8712    0.7866    0.8438    0.5145   0.03203    0.0285         0
   243/299     3.49G   0.01392  0.004178         0    0.0181        14       640    0.8646    0.7921    0.8431    0.5143   0.03204   0.02854         0
   244/299     3.49G   0.01419  0.004194         0   0.01838        33       640    0.8707    0.7863     0.841    0.5132   0.03204   0.02857         0
   245/299     3.49G   0.01401  0.004165         0   0.01817        27       640    0.8759      0.78    0.8412    0.5133   0.03204   0.02859         0
   246/299     3.49G   0.01411  0.004222         0   0.01834        20       640     0.876    0.7791    0.8406    0.5132   0.03203    0.0286         0
   247/299     3.49G   0.01378  0.004205         0   0.01799        13       640    0.8709    0.7816    0.8407    0.5127   0.03203   0.02865         0
   248/299     3.49G    0.0139  0.004206         0    0.0181        45       640    0.8701    0.7795    0.8402    0.5129   0.03203   0.02867         0
   249/299     3.49G   0.01385  0.004226         0   0.01808        47       640    0.8712    0.7818    0.8401    0.5118   0.03203   0.02873         0
   250/299     3.49G   0.01366  0.004151         0   0.01781        35       640    0.8402    0.8062    0.8404    0.5111   0.03203   0.02877         0
   251/299     3.49G   0.01348  0.004151         0   0.01763        14       640    0.8588    0.7904    0.8396    0.5113   0.03203    0.0288         0
   252/299     3.49G   0.01378  0.004109         0   0.01789        20       640     0.861     0.789    0.8397     0.512   0.03203   0.02884         0
   253/299     3.49G   0.01391  0.004195         0   0.01811        31       640    0.8416    0.8056    0.8396    0.5117   0.03203   0.02886         0
   254/299     3.49G   0.01384  0.004143         0   0.01798        14       640    0.8421    0.8066    0.8382    0.5114   0.03203   0.02888         0
   255/299     3.49G   0.01377  0.004109         0   0.01788        19       640    0.8434    0.8049    0.8377    0.5115   0.03203   0.02891         0
   256/299     3.49G   0.01375  0.004197         0   0.01795        11       640    0.8422    0.8044    0.8372    0.5114   0.03202   0.02893         0
   257/299     3.49G   0.01358  0.004101         0   0.01768        18       640    0.8444     0.803    0.8371    0.5117   0.03202   0.02897         0
   258/299     3.49G   0.01364  0.004007         0   0.01765        10       640    0.8451     0.803    0.8374    0.5118   0.03202   0.02899         0
   259/299     3.49G   0.01359  0.004175         0   0.01776        19       640    0.8454    0.8022    0.8372    0.5115   0.03202   0.02902         0
   260/299     3.49G   0.01363  0.004164         0   0.01779        21       640    0.8461    0.8013    0.8368    0.5113   0.03202   0.02901         0
   261/299     3.49G   0.01331  0.004085         0   0.01739        13       640     0.851     0.796    0.8366    0.5109   0.03202   0.02903         0
   262/299     3.49G   0.01349  0.004057         0   0.01755         9       640    0.8472    0.8004    0.8367    0.5107   0.03202   0.02906         0
   263/299     3.49G   0.01329  0.004035         0   0.01732        14       640    0.8474    0.8016    0.8371    0.5102   0.03202   0.02911         0
   264/299     3.49G   0.01342   0.00415         0   0.01757        20       640    0.8473    0.8012    0.8364    0.5098   0.03202   0.02914         0
   265/299     3.49G   0.01339  0.004104         0   0.01749        24       640    0.8458    0.8022    0.8371    0.5098   0.03201   0.02913         0
   266/299     3.49G   0.01329  0.004118         0    0.0174        29       640    0.8475    0.8003    0.8374    0.5102     0.032   0.02915         0
   267/299     3.49G   0.01325  0.004083         0   0.01734        26       640    0.8466    0.8004    0.8361    0.5099     0.032   0.02917         0
   268/299     3.49G   0.01352  0.004105         0   0.01763        17       640    0.8436    0.8013    0.8358    0.5098     0.032    0.0292         0
   269/299     3.49G   0.01328  0.004005         0   0.01728        39       640    0.8616    0.7841    0.8352    0.5094     0.032   0.02923         0
   270/299     3.49G   0.01329  0.004113         0    0.0174        14       640    0.8367    0.8044    0.8351     0.509     0.032   0.02924         0
   271/299     3.49G   0.01302  0.004046         0   0.01706        21       640    0.8397    0.8022    0.8347    0.5082     0.032   0.02927         0
   272/299     3.49G    0.0132  0.003942         0   0.01714        52       640     0.861    0.7836    0.8338    0.5069     0.032   0.02929         0
   273/299     3.49G   0.01316  0.004066         0   0.01723        35       640    0.8422    0.7999    0.8341    0.5079   0.03199   0.02932         0
   274/299     3.49G   0.01323  0.004028         0   0.01726         8       640    0.8419    0.8006    0.8336    0.5077   0.03198   0.02932         0
   275/299     3.49G   0.01307  0.004014         0   0.01708        22       640    0.8656    0.7818    0.8336    0.5075   0.03197   0.02932         0
   276/299     3.49G   0.01307  0.004057         0   0.01713        31       640    0.8639    0.7818    0.8327    0.5071   0.03196   0.02937         0
   277/299     3.49G   0.01335  0.004009         0   0.01735        11       640    0.8638    0.7812    0.8327    0.5069   0.03196   0.02936         0
   278/299     3.49G   0.01306  0.004069         0   0.01713        21       640     0.864    0.7804    0.8322    0.5067   0.03196   0.02939         0
   279/299     3.49G   0.01316   0.00401         0   0.01717        11       640     0.853    0.7909     0.832    0.5068   0.03195   0.02941         0
   280/299     3.49G   0.01291  0.004041         0   0.01695         4       640    0.8559    0.7881    0.8315    0.5062   0.03195   0.02944         0
   281/299     3.49G   0.01301  0.004043         0   0.01705        17       640    0.8627    0.7813    0.8311    0.5064   0.03195   0.02944         0
   282/299     3.49G   0.01305   0.00409         0   0.01714        22       640    0.8629    0.7818    0.8308    0.5058   0.03194   0.02946         0
   283/299     3.49G   0.01299  0.003937         0   0.01693         9       640     0.863    0.7813    0.8308     0.506   0.03194   0.02946         0
   284/299     3.49G   0.01303  0.004089         0   0.01712        15       640    0.8613    0.7836    0.8309     0.506   0.03193   0.02947         0
   285/299     3.49G   0.01294  0.004015         0   0.01696        21       640    0.8612    0.7839     0.831    0.5059   0.03192   0.02949         0
   286/299     3.49G   0.01289  0.003989         0   0.01688        15       640    0.8619    0.7845     0.831    0.5062   0.03192   0.02949         0
   287/299     3.49G   0.01277  0.003934         0    0.0167        25       640    0.8609     0.785    0.8309     0.506   0.03192   0.02948         0
   288/299     3.49G   0.01286  0.003988         0   0.01684        23       640    0.8616    0.7836    0.8309    0.5059   0.03192    0.0295         0
   289/299     3.49G   0.01281  0.004003         0   0.01681        11       640    0.8615    0.7836    0.8307     0.506   0.03191   0.02952         0
   290/299     3.49G    0.0129   0.00401         0   0.01691        21       640    0.8609    0.7844    0.8308     0.506   0.03191   0.02953         0
   291/299     3.49G   0.01265   0.00393         0   0.01658        37       640    0.8636    0.7827    0.8308    0.5056   0.03192   0.02952         0
   292/299     3.49G   0.01272  0.003903         0   0.01662        27       640     0.861    0.7845    0.8311    0.5059   0.03191   0.02952         0
   293/299     3.49G   0.01278  0.003956         0   0.01674        31       640    0.8613    0.7841    0.8314    0.5056   0.03191   0.02954         0
   294/299     3.49G   0.01276  0.003876         0   0.01663        28       640    0.8616    0.7834    0.8309    0.5053   0.03191   0.02956         0
   295/299     3.49G   0.01292  0.003968         0   0.01689        18       640    0.8628    0.7826     0.831    0.5051   0.03191   0.02956         0
   296/299     3.49G   0.01271  0.003992         0    0.0167        25       640    0.8623    0.7832    0.8307    0.5053    0.0319   0.02958         0
   297/299     3.49G   0.01276  0.004017         0   0.01678        17       640    0.8494     0.794    0.8307    0.5053    0.0319   0.02957         0
   298/299     3.49G   0.01269  0.003989         0   0.01668        19       640    0.8502    0.7941    0.8303    0.5055    0.0319   0.02958         0
   299/299     3.49G   0.01267  0.003974         0   0.01664        18       640    0.8475    0.7958    0.8298    0.5048   0.03189    0.0296         0
